- A B C D E F G H I J
A 0 14 100 178 70 21 29 49 53 199 
B 14 0 139 34 93 67 89 103 16 100 
C 100 139 0 60 159 178 127 133 108 140 
D 178 34 60 0 54 159 23 91 150 14 
E 70 93 159 54 0 40 193 102 32 192 
F 21 67 178 159 40 0 190 56 51 182 
G 29 89 127 23 193 190 0 111 99 125 
H 49 103 133 91 102 56 111 0 163 165 
I 53 16 108 150 32 51 99 163 0 66 
J 199 100 140 14 192 182 125 165 66 0 
